844 16
54 614
427 630
678 212
805 24
391 384
424 332
336 219
303 42
146 324
192 440
780 381
525 91
3 689
768 492
135 579
386 161
162 682
317 327
377 341
148 518
14 289
630 558
877 664
968 782
178 397
310 287
334 681
141 515
172 582
415 983
592 387
883 859
647 94
982 838
719 872
906 210
634 276
854 279
864 967
671 801
432 290
224 112
215 292
880 157
971 275
343 743
384 515
995 403
26 770
549 811
716 988
857 698
175 341
306 824
115 61
428 521
975 919
861 817
615 118
568 43
427 67
210 298
817 747
426 862
25 518
586 60
223 8
847 626
957 232
557 298
579 57
223 947
450 172
202 70
288 110
436 8
629 403
363 698
875 55
775 642
384 986
90 539
315 886
948 570
535 926
459 113
390 13
479 765
135 955
790 361
826 809
652 922
738 696
330 642
829 60
435 658
600 237
77 196
402 252
159 531
816 764
467 647
649 129
561 245
172 958
863 58
101 260
937 532
821 586
581 116
438 296
820 361
746 183
412 832
539 873
262 70
919 111
800 648
15 607
827 522
359 942
390 255
708 830
991 364
741 189
550 658
517 710
407 838
168 327
453 725
915 527
175 717
459 247
221 833
780 302
898 294
664 127
292 255
691 718
627 999
262 312
406 734
817 76
963 130
161 674
370 30
259 199
536 965
462 787
548 36
677 712
694 90
286 561
363 256
430 17
626 895
189 628
882 326
221 846
458 264
105 900
950 726
991 727
278 562
971 785
878 557
649 734
900 316
566 736
738 25
250 207
764 428
931 605
213 554
848 836
22 986
342 210
631 84
149 798
154 913
228 862
534 380
405 266
281 688
854 321
955 144
693 898
986 662
153 395
125 562
8 980
223 639
9 387
4 43
630 734
413 211
440 573
739 906
954 794
622 92
54 803
560 675
664 732
84 157
9 279
979 743
349 347
27 296
151 591
132 349
296 686
141 583
731 385
755 742
161 3
105 108
243 301
738 280
27 417
691 168
123 879
183 930
123 650
183 701
637 871
320 935
693 214
106 417
400 635
782 700
702 448
413 345
415 943
311 297
891 643
691 60
109 873
291 584
323 536
386 363
69 656
509 699
32 774
357 830
322 55
847 694
112 245
594 248
136 602
351 527
103 654
406 426
10 197
356 605
557 595
636 888
428 710
815 890
923 689
479 941
243 664
845 998
19 956
886 770
380 181
41 715
61 135
658 125
214 377
85 492
632 890
938 179
236 661
356 726
139 957
846 590
436 197
754 772
102 846
922 585
829 128
913 765
25 599
350 130
878 249
778 311
468 122
299 313
593 531
698 584
992 765
925 775
881 705
755 300
58 143
452 262
281 380
341 431
671 306
593 652
409 831
555 131
7 33
917 483
586 383
565 31
449 85
225 606
640 619
179 261
304 670
426 367
500 316
458 319
731 185
805 134
645 145
242 960
144 388
942 139
781 945
146 434
511 855
946 29
982 477
156 627
142 729
49 501
932 94
510 896
426 259
670 619
174 681
76 109
55 989
975 437
823 309
892 668
138 206
360 807
597 491
547 899
506 632
426 380
987 676
610 955
596 791
3 691
658 851
386 163
97 60
143 176
74 342
456 407
113 270
985 199
711 862
389 848
453 109
814 88
235 115
278 751
488 332
154 981
625 566
974 454
371 686
104 342
797 40
943 94
728 169
669 757
356 297
423 58
378 810
48 181
268 413
782 634
171 517
979 919
373 880
8 230
739 974
847 736
448 7
552 64
4 461
166 294
909 338
284 515
657 760
297 225
63 812
324 587
945 934
282 590
120 528
557 529
464 338
152 480
928 701
606 687
759 929
688 231
325 179
158 2
600 118
724 413
278 67
80 82
170 241
767 231
736 652
419 945
59 410
537 937
129 883
587 300
193 144
265 249
990 690
747 932
993 170
33 128
953 771
411 488
290 427
111 950
782 889
563 293
563 64
614 524
246 128
41 891
707 486
545 424
218 29
80 324
195 311
840 49
396 301
508 542
888 763
387 481
855 357
194 611
758 653
469 550
143 794
246 249
344 784
160 963
113 888
820 484
149 316
388 598
966 538
470 142
318 768
373 438
51 158
6 910
935 178
716 548
485 881
325 663
633 779
502 30
605 717
580 889
392 838
321 140
935 299
59 894
964 771
81 158
917 659
242 786
624 851
215 94
244 566
412 379
959 777
441 851
114 456
838 258
315 217
625 379
404 905
528 446
944 361
579 677
90 220
384 438
977 952
595 392
42 674
460 204
666 272
416 97
8 43
579 798
145 277
907 334
213 677
939 552
842 619
66 923
322 849
983 329
804 98
88 682
396 569
93 760
946 447
836 575
445 919
536 283
173 231
904 975
186 170
692 567
585 441
714 326
857 863
72 822
77 937
818 383
334 41
661 170
919 731
726 565
757 403
299 757
82 988
531 97
844 557
302 237
591 111
66 226
300 164
164 532
16 405
599 460
525 282
43 242
648 581
171 693
23 529
353 175
325 342
881 331
108 115
720 871
668 452
250 464
731 737
282 645
342 696
712 229
552 11
204 991
975 868
625 984
601 398
773 919
537 871
224 411
330 578
5 781
908 289
302 250
641 470
866 817
487 232
965 42
387 65
277 422
731 629
796 987
359 757
6 602
307 301
785 111
118 779
278 14
882 946
641 591
398 833
503 132
24 363
426 114
505 407
856 930
147 433
348 194
790 310
609 6
270 540
213 6
397 581
873 281
687 828
618 994
525 766
673 664
745 15
850 297
404 476
951 120
736 949
15 664
6 844
491 364
105 594
50 658
289 674
27 674
966 364
47 323
162 310
126 387
387 428
733 836
690 200
323 672
426 127
285 151
689 995
981 120
154 836
245 200
732 318
379 954
377 90
186 559
566 780
612 667
151 43
830 72
255 366
888 13
771 431
683 547
975 426
493 423
634 133
47 336
57 795
330 136
464 890
323 914
637 552
236 208
7 385
463 436
678 324
246 438
578 911
774 557
8 795
925 201
345 151
429 788
754 90
363 205
681 780
5 231
970 617
531 18
887 848
660 428
610 836
257 681
440 159
73 860
128 796
848 893
853 971
942 491
859 493
430 87
294 455
289 111
46 619
417 791
613 437
780 614
921 324
814 198
931 783
414 493
507 455
345 393
314 814
680 383
107 750
666 448
432 52
760 83
896 910
239 640
371 796
128 809
525 216
728 50
918 147
185 296
372 388
124 286
974 456
905 622
583 571
877 789
550 394
608 335
520 222
492 160
967 453
304 109
326 622
826 679
413 281
234 804
399 117
980 99
321 463
314 238
971 279
310 533
203 407
626 510
899 110
768 630
752 97
614 163
321 813
94 356
32 710
718 220
663 284
214 192
761 590
711 998
444 654
364 890
207 418
490 477
32 831
457 71
355 289
916 585
439 926
85 428
577 890
186 251
888 523
454 2
571 587
84 240
870 883
856 985
101 143
56 895
992 351
768 872
329 7
231 667
766 8
427 313
349 888
810 51
911 628
338 995
718 462
145 829
176 179
988 57
503 308
398 780
649 362
613 705
728 655
11 600
731 926
824 888
660 228
87 595
340 775
101 264
1 326
123 23
780 64
477 255
372 764
725 128
255 179
939 57
922 413
710 988
259 69
663 418
19 316
957 370
776 295
117 659
365 724
387 254
593 359
560 411
679 362
780 414
904 709
539 59
226 831
637 365
614 647
328 24
572 650
727 295
116 141
272 883
437 196
855 709
357 203
824 83
581 362
388 950
185 96
960 358
962 956
450 781
123 386
18 858
389 542
370 263
614 660
796 142
195 676
988 312
864 771
883 784
262 208
546 610
596 956
431 394
472 432
525 29
647 958
494 450
108 909
741 556
443 899
386 99
864 892
224 37
606 139
363 381
459 843
150 502
477 631
945 736
471 853
273 343
185 459
240 166
369 805
732 628
680 438
817 672
220 453
426 558
921 500
530 386
511 107
991 744
230 94
56 695
648 341
121 861
735 266
79 864
922 92
182 53
764 674
246 977
650 801
218 649
221 395
826 505
79 985
19 705
932 635
951 685
674 636
622 446
33 51
816 460
857 986
315 703
915 439
7 587
31 944
442 515
170 56
785 100
551 687
706 975
310 709
781 102
552 242
235 306
381 360
553 881
391 819
281 947
821 403
760 393
801 165
407 534
787 1
603 180
522 521
396 116
384 816
258 182
901 517
390 72
653 940
68 21
1 260
212 709
568 344
743 870
149 131
817 1
34 824
772 753
693 231
777 868
510 524
174 309
950 530
711 19
573 543
375 70
586 253
424 191
107 255
370 894
93 91
547 298
951 122
832 430
596 419
14 966
325 599
834 705
466 309
641 835
682 607
29 722
323 674
371 422
812 838
490 787
359 304
591 839
859 132
455 951
467 22
725 546
252 97
799 495
945 549
293 623
113 958
663 836
735 187
11 910
556 710
836 498
841 613
858 28
510 779
309 200
89 685
254 264
428 151
777 305
139 48
603 906
892 780
42 381
418 372
542 667
349 272
170 795
762 441
538 962
118 339
151 287
897 77
725 788
651 610
843 780
221 208
369 860
10 698
827 957
844 372
87 918
66 41
136 514
692 503
642 911
310 172
325 975
507 686
796 560
722 382
106 113
171 508
548 229
312 218
704 742
924 974
695 922
817 619
560 734
338 621
252 581
866 740
117 393
819 436
340 401
563 860
301 860
898 850
328 468
534 802
97 306
740 641
246 106
793 275
77 68
784 455
677 329
911 267
641 406
314 240
967 805
828 232
714 396
728 294
552 68
378 935
212 643
138 465
482 238
148 887
647 342
303 532
922 510
471 345
875 169
285 892
318 288
285 74
133 471
353 245
535 222
344 654
600 351
894 569
812 530
569 772
94 250
603 356
16 825
897 345
965 220
253 14
879 705
815 949
648 772
183 184
799 416
935 48
615 595
119 428
105 530
480 407
985 579
140 487
244 544
5 33
230 646
505 356
954 182
69 957
91 487
939 59
989 176
416 543
550 772
154 543
751 533
85 672
271 539
395 834
371 248
307 492
558 74
386 785
783 421
571 13
619 727
653 311
460 182
140 729
897 708
365 847
146 251
571 952
373 442
794 472
128 611
133 726
250 79
95 205
821 834
480 541
824 85
622 890
625 370
943 945
781 883
506 678
729 198
101 629
558 316
236 36
499 904
375 609
994 883
240 155
572 665
355 896
190 334
212 93
107 565
420 796
387 619
561 506
10 632
822 547
349 98
832 969
233 152
128 624
353 971
311 745
364 342
138 265
418 319
132 450
464 960
87 973
725 735
866 674
926 496
590 281
502 397
796 386
961 719
149 804
578 163
225 799
822 789
156 928
32 404
627 550
85 230
338 447
888 325
623 808
626 325
361 808
829 913
287 630
875 800
782 572
553 520
78 227
938 856
220 805
41 345
882 924
211 756
995 572
155 861
71 224
771 864
626 446
650 803
540 931
423 117
679 43
796 628
617 397
782 464
509 800
182 405
643 800
385 764
388 510
197 942
238 751
85 243
374 117
365 526
2 474
347 923
552 123
106 531
617 518
171 926
856 800
997 739
689 623
399 295
889 159
737 290
7 939
865 970
516 587
170 179
598 360
553 883
509 813
99 649
319 423
976 693
733 935
612 645
629 585
37 710
207 596
978 473
615 421
895 704
573 424
638 819
927 693
545 591
591 478
355 467
934 817
574 16
398 19
819 49
614 583
37 13
364 142
116 77
594 604
308 247
905 237
736 953
717 711
211 85
446 891
666 894
793 706
476 999
316 781
166 19
806 645
355 709
30 912
580 827
179 483
321 78
393 183
790 556
688 774
934 12
232 494
158 316
796 307
438 599
405 193
675 17
219 969
28 206
728 846
196 19
891 315
305 191
353 905
475 373
650 374
603 558
253 674
10 687
841 615
935 250
491 502
255 491
64 923
711 505
296 263
497 253
650 495
177 571
567 497
873 540
620 323
432 272
550 35
990 307
238 443
477 688
293 867
852 602
494 857
869 17
389 841
755 669
483 210
409 32
221 210
363 559
468 612
935 721
546 680
508 159
62 567
263 328
810 726
777 549
686 919
634 500
818 92
704 973
380 95
377 349
454 798
762 685
674 572
572 36
797 154
492 272
917 973
703 455
672 913
832 111
479 747
675 393
628 52
850 919
807 54
951 971
10 942
201 510
734 744
673 468
232 991
818 563
460 855
469 180
904 337
799 55
4 346
565 642
694 527
284 629
900 632
437 642
743 914
924 989
3 121
944 675
75 226
99 583
737 345
320 996
934 630
414 860
180 693
543 516
171 873
422 455
501 519
950 345
740 764
564 804
828 584
893 979
387 124
855 229
433 994
598 307
648 653
111 714
749 705
866 58
735 807
188 180
229 935
100 67
726 987
347 173
553 12
682 651
850 235
323 718
362 417
441 481
618 114
587 535
397 640
287 14
28 19
150 948
470 135
93 148
487 304
29 658
929 420
123 256
376 473
990 107
813 474
238 14
790 719
64 615
996 824
36 782
705 648
784 941
75 481
383 597
861 370
916 831
754 15
920 721
847 179
838 359
571 15
232 320
297 715
856 413
777 120
406 850
733 198
895 785
736 203
457 559
653 205
682 906
74 498
188 785
995 319
578 970
889 603
402 973
787 555
792 670
410 339
65 570
27 49
963 259
780 781
202 804
94 978
743 606
68 696
887 799
453 278
217 267
169 519
874 271
609 791
360 989
542 737
344 227
552 930
573 989
741 802
870 687
746 917
340 229
240 291
853 225
835 851
503 112
747 738
723 152
301 917
425 458
967 512
263 396
171 807
634 568
147 184
699 697
657 700
994 322
834 104
660 971
429 284
591 117
692 923
621 225
170 289
896 164
232 938
464 507
345 815
362 230
364 828
264 890
248 882
881 566
408 117
289 654
583 872
325 348
944 851
359 871
968 161
345 707
716 354
380 176
94 536
858 703
443 461
369 246
11 538
933 59
453 654
938 403
957 416
817 113
230 582
827 572
404 240
808 64
534 993
4 764
706 53
749 652
231 955
592 705
227 18
215 718
696 762
74 190
597 2
60 26
500 298
617 883
794 516
601 875
876 585
838 293
991 306
36 608
738 880
72 36
784 996
435 842
567 244
765 488
572 359
792 591
42 130
451 298
883 709
888 824
272 592
542 416
762 419
115 608
598 725
51 98
785 588
301 475
22 565
581 300
925 73
75 428
113 949
489 940
947 357
625 77
396 254
984 653
860 883
367 950
876 827
298 850
246 431
213 483
989 475
543 129
672 768
438 601
154 842
474 29
840 123
337 963
65 504
160 98
990 67
816 143
632 322
852 362
31 856
136 155
196 960
471 899
254 147
92 85
151 399
84 86
860 78
22 928
675 261
740 390
537 327
514 838
533 851
63 673
495 330
271 851
784 204
371 789
789 548
608 207
599 387
714 374
580 145
889 900
397 963
433 620
56 404
9 558
317 674
790 103
993 728
456 752
435 171
765 46
403 862
444 634
939 613
199 574
1 64
684 94
905 965
289 238
8 225
677 320
954 857
109 802
711 870
623 757
566 223
29 284
287 808
906 557
240 467
226 569
744 229
570 867
638 513
641 518
503 59
714 508
664 916
709 164
855 218
378 818
171 754
427 414
812 521
223 126
140 357
374 295
162 116
921 693
662 173
796 927
548 825
221 467
804 293
568 282
284 523
504 755
110 370
719 414
374 416
489 403
635 457
62 824
748 334
739 285
904 581
885 339
97 781
725 121
927 979
829 178
75 470
586 420
856 52
902 693
74 16
547 465
860 696
478 594
290 314
169 24
205 472
581 463
140 720
214 669
186 607
76 735
165 255
827 640
899 250
819 227
232 430
3 607
256 787
316 838
956 232
856 294
765 664
639 296
897 820
419 27
102 91
52 499
332 553
15 846
844 176
271 543
4 953
389 535
986 525
117 76
664 474
783 425
633 895
829 312
736 84
947 533
195 669
295 607
770 900
74 379
817 194
651 656
35 158
513 951
879 25
956 474
961 818
997 246
620 259
451 487
532 146
129 436
767 952
206 390
560 659
352 215
233 35
937 87
243 164
363 495
401 787
932 157
670 911
133 972
306 863
103 46
612 152
488 382
130 674
383 854
551 667
19 806
621 911
844 660
426 672
500 621
803 393
260 868
694 342
575 916
363 508
499 103
280 739
490 283
913 386
863 794
192 855
94 54
751 95
489 324
360 173
57 401
819 495
301 798
213 685
727 906
518 503
248 642
542 860
495 519
407 406
577 817
40 878
852 793
84 167
681 157
466 986
595 871
540 935
698 555
534 632
787 812
284 686
320 114
182 409
980 160
591 348
40 999
948 851
93 71
117 465
103 530
249 584
987 55
940 209
491 117
725 55
293 361
284 807
14 946
611 936
160 771
605 633
674 992
302 595
863 928
814 743
5 79
626 463
488 758
6 718
629 697
842 990
959 343
367 468
986 217
802 396
583 995
347 1
672 286
80 374
162 184
649 302
5 200
332 366
612 649
777 982
268 610
890 630
367 589
227 20
908 418
43 613
934 821
146 68
65 143
166 949
758 595
326 938
909 993
100 595
439 61
950 765
716 598
50 774
955 880
764 117
977 639
504 944
430 766
237 600
347 243
182 664
853 603
672 528
997 59
116 310
314 554
653 20
883 711
420 721
638 126
330 10
662 483
409 828
101 675
247 12
868 588
539 120
172 326
292 657
512 660
92 74
302 850
594 958
127 31
101 796
365 88
950 778
311 791
433 488
636 322
316 906
168 742
727 477
751 834
420 963
60 391
63 662
660 423
101 688
613 311
656 947
293 858
272 18
852 593
141 501
609 606
510 75
283 850
405 547
699 499
186 917
795 961
248 334
965 884
808 671
830 430
128 912
651 953
384 380
728 153
931 778
566 91
466 907
259 614
777 311
551 493
102 401
933 558
936 75
327 748
449 445
531 255
877 663
539 375
370 566
375 910
846 37
773 727
537 450
979 795
349 628
643 846
583 566
196 386
389 966
401 37
475 740
621 40
130 971
400 566
567 743
799 46
135 820
890 430
336 810
88 745
993 851
616 864
294 813
641 399
140 117
992 333
455 394
152 356
964 271
243 474
19 995
597 743
941 516
60 767
504 515
655 159
908 110
888 397
227 651
371 107
376 222
221 348
491 172
307 351
23 592
124 415
913 575
233 816
658 285
104 702
613 808
859 46
444 999
492 518
910 277
571 811
492 289
841 406
725 231
54 63
565 996
83 764
229 818
163 464
875 175
453 940
489 405
272 636
809 346
831 105
382 13
590 945
483 819
538 526
404 297
610 402
496 529
665 72
372 988
348 136
523 891
669 191
22 380
873 223
847 988
938 352
234 236
277 835
340 662
174 370
516 70
927 873
768 62
203 778
665 314
632 137
72 443
989 411
204 599
801 360
751 768
768 183
842 132
584 362
565 83
267 426
982 637
758 892
918 881
376 598
641 78
159 75
329 486
76 40
672 825
135 620
745 549
373 677
490 30
445 553
44 209
362 784
828 25
763 310
61 792
152 156
749 146
401 897
344 97
290 800
949 207
904 959
520 30
293 805
310 220
86 741
136 333
576 376
938 957
928 269
993 664
456 688
740 218
751 84
164 516
742 264
847 317
193 988
136 454
617 269
875 793
937 439
942 554
680 554
916 272
981 667
862 975
903 976
411 285
461 631
543 441
727 787
460 672
859 906
124 228
357 924
257 986
897 380
195 108
361 814
579 219
567 919
496 221
188 105
307 56
162 870
513 161
119 5
215 696
504 341
858 573
627 677
329 983
791 519
245 989
515 584
477 63
432 586
523 704
471 285
233 642
602 216
120 701
851 920
722 806
303 822
867 635
196 467
3 301
672 396
89 75
438 229
575 234
957 299
695 299
404 581
835 50
694 828
496 355
625 994
790 536
881 691
912 4
638 933
578 653
259 119
116 299
622 696
322 175
459 409
689 871
634 935
675 936
725 299
587 823
563 237
683 302
746 358
434 766
520 540
470 194
103 895
98 551
337 833
731 989
142 594
49 366
949 128
276 823
794 520
161 607
847 117
138 889
790 778
802 640
8 779
746 479
911 812
400 71
396 595
566 777
849 311
207 844
843 762
614 939
691 893
438 484
553 434
993 477
984 657
459 772
46 374
239 503
710 125
500 544
285 390
381 852
799 611
835 305
995 257
365 90
444 154
650 488
232 500
777 300
78 33
429 785
607 791
385 678
1 752
830 311
366 850
48 46
144 508
713 665
61 739
262 729
231 396
974 211
509 606
927 136
836 506
734 724
563 613
291 154
122 116
254 501
686 912
199 565
818 314
639 608
933 560
845 676
272 33
552 50
493 904
498 753
933 910
152 345
859 732
298 170
719 163
200 278
434 216
296 511
860 324
669 756
739 263
101 6
152 466
210 407
5 712
373 879
63 919
184 391
346 224
198 60
796 689
832 346
861 818
470 933
408 55
790 120
466 225
540 174
731 910
43 307
249 641
244 68
474 759
592 751
657 880
581 104
311 243
44 882
173 767
817 51
354 61
884 226
755 112
223 480
118 952
536 711
952 397
902 805
558 995
391 64
420 536
676 462
148 77
547 348
239 195
593 464
541 8
708 939
97 785
661 827
344 891
750 118
509 995
226 118
856 56
264 144
580 646
924 419
803 129
932 14
156 318
942 998
747 5
182 721
476 939
443 762
264 265
737 714
434 942
976 996
272 880
666 16
905 298
850 362
459 706
800 770
982 518
930 62
453 137
95 429
618 241
986 408
461 257
884 360
378 488
801 362
773 529
231 209
900 304
327 671
456 556
979 368
478 611
274 552
962 135
530 249
392 19
419 152
336 383
14 332
258 729
830 366
290 681
971 76
202 568
324 265
351 368
771 725
659 255
603 848
28 617
666 379
943 953
108 88
760 14
779 27
137 789
641 322
692 553
654 261
249 212
846 202
925 266
603 969
281 918
675 91
928 271
881 425
205 142
79 740
564 260
27 284
770 328
505 848
706 838
866 790
411 166
268 346
736 451
815 744
144 576
205 263
931 138
353 161
532 163
614 202
738 497
547 966
922 89
8 392
238 625
623 924
246 974
617 621
177 874
455 559
940 79
861 981
248 754
845 744
316 400
672 35
21 977
558 687
277 408
967 626
991 983
304 282
428 577
175 397
226 857
73 349
353 403
465 644
124 580
160 762
306 62
674 983
569 701
209 395
541 868
322 43
112 462
57 526
136 590
356 593
987 167
665 116
152 534
441 408
8 526
856 98
247 808
369 239
104 759
759 165
277 650
984 283
794 388
307 529
692 111
86 72
270 647
201 813
306 75
127 598
217 757
84 413
10 198
615 766
623 132
562 122
75 529
264 199
742 992
319 660
742 763
924 245
964 812
207 604
155 414
650 127
839 817
778 541
772 763
412 191
276 596
887 484
601 881
881 935
996 885
884 415
523 961
70 427
139 32
75 542
751 825
281 610
303 140
910 818
373 384
67 543
907 25
191 609
282 202
595 433
791 79
751 946
763 17
83 258
9 80
699 261
437 490
387 898
946 138
18 802
408 957
346 79
29 143
805 364
442 312
282 323
474 264
823 418
735 305
680 369
212 264
564 423
10 803
638 143
459 666
128 795
632 557
582 965
554 903
34 379
956 654
188 28
56 397
611 619
74 680
938 785
881 251
365 334
972 783
609 731
72 755
442 325
59 35
876 257
573 219
499 41
313 854
583 449
541 681
522 439
324 683
687 506
761 455
439 441
783 968
370 570
650 624
347 852
918 375
856 729
376 92
143 527
137 749
481 522
126 65
623 871
581 911
997 789
221 339
551 968
193 240
298 293
468 970
611 753
13 804
839 617
285 997
266 755
820 109
99 349
313 278
198 62
359 919
741 984
271 52
128 232
477 120
783 163
105 285
366 289
476 686
894 445
99 699
393 917
149 62
472 981
737 232
685 42
671 107
828 350
296 755
659 807
631 974
791 697
987 343
988 982
980 569
123 948
816 875
869 738
281 73
184 635
566 700
497 866
626 751
560 397
414 868
376 347
744 477
601 694
320 415
55 898
432 656
328 10
667 1
200 764
379 766
322 232
811 423
864 515
943 579
153 948
593 466
813 698
964 638
752 459
716 536
810 171
479 300
892 469
135 261
396 531
262 73
951 295
206 141
491 539
893 290
394 606
320 428
347 531
20 136
567 534
456 208
583 249
189 847
579 773
82 492
271 428
541 23
18 736
109 366
164 36
554 716
595 488
72 447
815 491
667 364
591 783
837 21
121 834
400 20
826 357
938 598
233 28
747 478
833 252
581 711
717 77
837 142
653 321
910 886
762 493
839 188
844 532
891 378
679 724
280 490
211 619
68 799
747 599
819 475
838 488
750 604
768 429
735 252
556 775
360 863
253 737
583 612
877 830
657 561
490 155
945 964
155 845
998 73
549 735
833 265
392 263
865 712
213 557
259 673
832 40
615 271
778 972
485 198
710 545
994 75
311 45
283 212
531 85
252 404
828 271
981 550
260 753
213 907
516 679
356 461
31 930
552 107
889 961
34 447
507 630
813 148
746 912
782 569
892 966
298 456
487 917
996 269
110 176
46 915
55 240
75 155
701 846
990 720
665 923
780 910
164 641
11 170
403 923
310 695
607 164
304 163
992 500
598 115
969 782
749 284
231 587
410 818
382 985
358 628
55 590
857 46
676 974
891 862
349 579
495 633
849 636
164 533
250 573
752 969
415 115
126 241
26 828
15 410
378 987
617 515
744 290
680 800
168 359
300 515
219 590
761 644
733 811
640 583
492 456
194 533
312 754
653 818
785 220
969 795
317 869
353 526
113 810
316 644
531 569
672 279
603 179
626 806
179 117
953 935
473 298
874 642
68 20
446 875
577 126
615 418
771 406
174 187
77 483
488 54
443 577
696 757
809 634
533 241
579 586
390 421
18 778
338 2
403 360
697 349
296 5
485 695
289 783
366 478
724 711
592 3
611 16
392 652
175 883
356 958
786 771
615 889
236 75
389 354
833 65
994 922
760 755
812 945
89 321
484 591
608 886
988 353
840 226
355 706
680 8
900 240
286 835
654 773
863 358
524 892
505 650
983 948
269 144
862 887
210 732
342 134
636 315
42 367
355 827
859 589
420 956
826 183
690 551
745 258
10 792
96 78
583 196
569 261
555 363
118 96
482 787
530 306
263 191
683 548
686 553
405 540
584 542
821 189
900 253
225 838
748 650
469 969
489 130
885 884
128 676
981 592
217 196
499 848
977 887
292 784
796 546
116 558
942 371
821 81
578 94
60 397
27 220
423 974
808 785
538 961
257 682
998 128
227 510
232 854
989 833
447 550
925 552
34 381
493 895
61 972
42 730
166 271
405 553
221 207
31 46
349 392
335 228
30 346
725 908
362 856
640 46
180 556
378 800
620 562
735 549
465 688
138 559
237 43
150 569
332 280
805 729
879 678
521 970
538 156
491 44
312 567
946 853
275 685
946 624
773 144
360 234
809 97
253 108
783 862
650 976
686 929
83 865
532 462
210 411
619 350
894 326
835 914
305 685
902 675
16 811
874 347
230 282
997 912
161 411
479 986
257 119
113 636
35 945
107 67
580 516
19 183
561 237
198 185
165 8
748 100
507 940
758 522
618 219
959 283
207 419
625 932
191 411
218 248
495 822
209 465
765 417
364 73
625 114
905 168
34 878
631 868
899 353
730 581
64 720
716 417
586 536
710 868
438 409
116 358
682 769
489 640
262 183
222 784
309 938
849 128
959 525
964 869
152 725
637 474
871 412
463 358
64 612
573 718
769 401
399 602
125 299
763 61
140 836
57 838
234 242
220 307
500 361
670 772
353 836
329 250
532 838
296 73
480 648
947 528
822 533
49 546
458 485
122 41
168 911
727 646
37 199
498 557
102 328
570 433
638 308
41 89
299 613
982 643
385 387
577 557
716 901
800 77
461 382
237 903
273 560
719 906
853 906
997 362
699 668
749 31
676 950
294 390
858 432
857 732
365 41
595 732
89 631
529 149
190 683
363 611
503 96
21 618
986 775
733 558
7 454
749 273
413 324
836 915
182 162
908 37
607 863
159 444
589 257
766 856
346 270
122 525
332 106
712 98
815 977
997 725
419 748
303 573
843 29
160 524
132 691
963 619
145 630
780 912
838 853
189 407
483 396
218 879
479 920
288 157
147 181
393 624
35 879
351 856
915 440
175 630
590 643
552 351
82 173
937 687
804 572
596 165
711 115
229 866
88 927
743 858
151 946
440 820
233 756
200 579
847 915
804 693
138 869
496 348
55 834
449 990
773 333
135 76
575 577
401 461
62 995
93 308
79 410
425 818
152 888
348 305
866 2
413 700
292 410
388 872
747 990
387 418
602 343
588 408
872 167
261 13
544 72
86 426
554 531
26 146
91 541
526 698
397 584
875 586
264 432
405 179
327 488
643 236
113 7
156 606
794 634
51 324
538 708
926 524
31 611
282 193
567 362
947 583
608 888
861 314
451 416
762 537
849 196
475 480
287 429
680 360
107 727
592 247
468 706
344 145
970 607
930 242
832 902
252 327
112 24
635 65
482 789
827 6
204 781
703 199
801 542
135 681
33 899
487 840
471 78
757 206
968 884
610 947
30 106
442 545
857 558
800 24
750 432
595 787
698 13
768 715
283 966
840 591
0 614
977 71
965 771
781 950
137 848
627 483
916 91
582 969
786 210
342 499
713 900
675 150
14 633
284 265
807 269
196 381
25 270
407 335
589 83
274 974
155 794
764 838
566 99
254 507
428 394
432 513
886 683
270 222
182 338
211 810
352 749
723 433
458 687
728 511
566 220
282 461
698 376
749 570
391 862
97 415
697 151
119 174
36 405
951 970
440 983
99 690
727 30
140 233
902 556
714 505
965 87
39 824
15 238
937 742
791 459
343 40
193 473
129 983
611 757
655 275
774 226
366 172
80 303
589 446
847 741
809 449
382 116
893 857
626 742
180 921
139 883
202 185
535 331
344 763
738 919
259 167
378 118
421 754
324 821
470 121
736 994
268 660
188 637
895 758
430 924
865 98
581 339
932 825
622 865
281 306
102 75
470 242
318 868
74 13
84 701
818 925
436 594
250 175
269 188
17 647
688 586
576 116
779 704
741 412
443 755
37 67
644 479
93 376
411 951
115 660
385 255
441 830
618 234
351 119
721 884
645 71
93 497
781 871
146 131
354 309
426 414
992 825
240 961
477 608
399 954
934 66
347 535
777 348
443 997
364 438
33 604
754 135
869 876
385 497
944 232
338 422
53 438
92 137
570 435
349 436
404 897
423 910
247 425
388 135
352 441
131 213
263 140
595 613
925 488
763 426
648 210
441 146
878 901
661 149
0 669
748 828
247 317
257 739
348 857
566 33
629 318
259 556
168 926
542 844
751 200
86 978
912 791
741 909
873 836
931 252
482 160
754 619
179 913
215 341
935 896
993 83
943 491
406 57
538 213
791 393
722 788
268 352
534 737
408 103
537 742
193 178
430 387
165 870
60 588
453 748
319 519
580 560
571 740
143 707
160 876
788 216
55 594
72 9
941 458
853 574
691 512
486 817
733 694
571 861
846 571
469 355
899 168
18 419
565 817
463 52
160 768
581 273
278 235
228 414
659 866
571 982
79 291
323 651
180 868
712 463
501 923
439 45
348 415
680 925
819 37
449 992
449 763
218 76
383 409
525 758
160 71
757 61
934 926
502 774
534 992
948 43
605 872
405 289
300 761
369 366
410 367
90 951
281 482
988 115
553 187
748 399
803 69
882 362
463 415
843 407
72 264
669 254
851 2
240 77
914 287
676 644
767 762
376 877
500 418
684 764
73 839
887 598
202 495
114 611
18 674
936 985
91 893
521 477
846 8
689 61
842 303
396 711
840 230
831 639
198 726
564 295
406 675
762 539
514 474
929 716
338 477
68 616
742 72
439 300
384 364
191 952
48 149
116 549
553 321
47 678
694 31
349 262
41 146
679 891
476 74
739 942
753 611
197 393
169 560
623 730
309 311
376 72
507 555
741 493
691 901
778 789
905 601
806 70
238 781
202 858
682 263
306 686
973 183
661 96
721 147
196 262
343 955
811 40
594 271
339 984
447 783
304 209
469 276
823 545
78 162
960 779
721 268
303 509
745 625
672 83
343 847
577 977
199 802
367 386
312 450
707 225
710 496
443 381
963 676
195 50
475 858
731 784
318 386
263 450
713 915
680 738
716 166
19 992
265 230
994 376
911 607
302 526
742 569
805 854
115 407
992 680
494 174
311 238
440 877
176 279
916 806
570 169
781 389
239 69
954 51
899 115
91 585
182 474
603 467
296 990
115 649
197 193
954 172
237 531
185 75
949 996
503 650
484 408
336 244
734 290
990 216
661 943
659 116
697 408
77 663
889 578
765 542
620 124
336 365
680 175
38 708
597 406
946 294
280 470
247 293
187 13
388 3
255 413
329 362
150 131
497 175
777 229
502 24
768 409
983 68
234 475
492 999
729 417
371 709
101 848
784 124
27 145
183 429
665 432
558 306
7 432
771 599
425 191
989 758
112 899
487 776
690 610
695 725
41 201
445 550
918 999
510 945
546 602
357 437
49 550
236 376
977 825
190 445
680 309
745 667
848 122
63 835
677 240
357 787
954 777
109 722
527 444
632 497
654 27
800 81
306 741
337 91
791 261
383 961
446 492
262 671
470 849
771 23
881 420
642 138
726 546
19 913
252 397
544 505
67 846
580 199
249 328
88 905
119 218
807 326
91 156
889 136
311 159
916 269
217 268
478 43
479 911
240 400
422 377
47 988
157 631
55 354
996 154
944 718
935 898
66 220
126 5
678 747
492 328
497 672
120 685
782 575
224 513
518 731
284 564
449 860
490 632
22 298
192 975
834 213
237 223
874 514
172 996
646 98
885 380
424 988
501 683
403 111
576 39
113 803
421 919
145 526
640 468
318 454
277 416
982 434
244 239
239 124
309 634
785 334
711 348
298 704
173 709
429 406
291 701
888 691
772 745
939 922
340 822
197 248
568 686
516 1
724 704
892 517
511 825
915 686
263 760
10 543
844 217
891 63
766 297
876 694
224 768
678 184
325 820
196 706
414 111
737 764
892 409
410 369
781 807
103 892
772 758
466 651
977 638
989 463
283 715
391 248
19 605
927 228
13 302
113 11
101 674
384 474
945 770
236 81
702 820
222 146
210 846
848 874
545 836
218 441
378 430
649 893
437 485
1 857
802 879
203 25
769 702
361 611
815 552
586 729
121 895
97 272
64 95
413 249
470 554
864 710
611 264
96 313
156 623
785 831
563 718
943 185
628 847
571 313
590 326
39 452
378 672
78 151
537 665
5 804
872 426
44 503
407 326
747 660
816 265
673 216
347 955
328 447
6 396
369 973
88 731
181 922
878 850
229 441
437 619
979 902
104 675
591 39
632 565
967 784
342 732
282 452
249 275
615 332
80 991
372 611
904 206
955 666
119 165
527 404
473 104
34 737
423 283
240 576
780 32
312 452
592 506
480 36
760 319
677 550
145 460
883 389
571 568
877 86
629 509
782 751
501 738
477 115
301 155
671 920
196 627
278 171
710 619
718 443
714 738
48 648
607 346
736 985
423 525
371 335
868 387
604 48
624 929
2 653
63 340
304 466
555 48
557 646
269 179
513 805
840 971
661 703
296 53
334 345
297 692
930 864
639 163
200 759
295 353
281 418
640 536
208 879
82 474
598 768
890 913
532 939
380 582
344 888
669 419
825 932
589 692
792 526
508 767
759 349
243 18
912 298
325 767
867 821
493 580
345 187
782 188
828 829
74 367
673 955
55 88
662 537
813 706
720 478
221 831
389 644
394 722
297 826
562 306
326 295
75 713
923 56
190 434
465 373
919 580
690 720
666 134
616 542
41 311
234 477
910 760
738 10
891 252
517 11
641 306
164 152
310 206
733 309
339 907
972 591
777 352
636 376
741 658
992 11
639 647
226 249
988 306
69 265
635 942
757 373
994 57
206 270
54 667
219 209
35 388
871 889
995 430
117 198
962 24
889 943
956 704
820 843
473 735
22 45
239 568
968 943
541 610
742 371
98 40
141 676
604 437
115 209
794 9
694 559
181 977
895 320
471 29
550 322
930 543
732 33
720 733
314 45
556 73
40 974
360 161
869 304
516 445
34 442
20 507
9 614
74 743
113 671
495 736
624 392
439 612
948 718
654 271
225 94
244 107
144 923
777 607
226 733
207 454
713 851
188 212
735 610
358 623
55 356
435 577
622 669
728 341
43 238
82 166
651 323
372 679
317 743
389 94
661 516
711 108
279 222
329 43
991 162
432 693
467 916
663 562
2 816
117 574
826 970
719 578
946 806
407 757
327 239
757 52
473 293
34 926
87 523
472 105
515 704
155 398
174 411
265 529
227 8
655 455
41 821
13 988
438 457
691 637
130 341
438 228
718 511
484 344
649 640
850 401
437 3
602 336
676 514
244 591
743 46
808 175
338 226
568 459
394 535
339 599
996 640
350 236
929 815
962 763
681 750
495 65
538 701
109 524
21 411
804 820
384 234
637 414
353 655
664 517
950 645
733 122
967 289
838 175
903 533
185 24
317 180
310 958
289 81
449 70
244 833
349 132
423 835
230 935
113 121
247 121
390 658
984 643
216 542
896 530
959 815
978 828
276 822
627 342
788 933
688 766
655 589
163 652
199 309
130 475
589 989
671 533
437 366
215 253
748 753
874 892
454 306
118 320
813 882
159 129
496 946
250 247
274 604
810 355
595 430
474 369
400 191
993 705
798 237
225 604
622 240
954 713
613 191
848 997
827 120
731 183
218 564
918 9
340 32
754 544
969 469
5 685
137 612
178 613
999 82
734 602
183 728
40 679
874 87
958 724
87 202
598 152
405 548
126 867
690 909
905 605
79 792
528 847
748 887
514 949
641 495
869 359
530 664
714 256
843 895
376 197
933 788
490 447
132 739
137 854
916 555
998 365
981 721
582 975
995 619
794 77
510 318
437 742
215 400
774 98
65 870
858 735
719 162
517 442
591 391
182 223
159 505
897 434
117 737
888 385
122 586
782 861
419 809
367 619
147 350
265 342
430 675
996 332
638 624
729 971
844 958
691 450
402 347
892 211
33 221
943 671
71 513
888 735
373 289
1 417
6 532
279 627
45 460
377 933
315 55
91 576
559 681
573 579
493 98
949 866
773 152
747 917
137 170
969 966
312 696
549 114
141 60
219 882
864 391
826 99
497 863
5 135
874 584
657 61
935 42
183 178
358 933
642 463
623 184
977 682
898 160
504 758
908 582
889 340
359 111
569 887
553 125
551 281
186 597
745 295
93 369
745 66
798 158
1 780
830 110
647 928
8 941
366 420
22 610
457 767
383 589
422 931
114 549
769 746
939 174
419 367
737 942
275 359
173 82
395 949
477 493
31 901
48 87
996 829
774 716
75 715
121 831
969 403
748 700
784 357
643 418
897 5
632 488
847 413
384 423
238 369
898 644
805 416
650 542
846 188
993 881
821 131
253 842
877 706
817 426
247 539
65 562
197 681
394 966
777 475
686 845
33 960
341 847
936 239
358 262
399 263
817 776
977 11
946 432
159 547
283 88
935 768
128 968
86 971
700 376
53 794
304 147
543 429
791 265
615 268
152 278
685 778
931 16
817 668
577 686
189 52
6 574
918 198
601 491
515 222
470 974
955 494
316 507
440 802
468 83
287 974
700 389
342 681
170 160
900 908
3 168
963 964
806 263
921 967
420 456
76 646
750 856
901 271
221 512
362 222
719 459
624 865
77 238
814 733
712 456
445 341
772 507
780 331
534 864
315 2
191 461
554 284
347 220
555 923
460 97
687 813
960 154
461 995
982 438
896 398
101 423
837 986
169 298
898 215
113 928
488 51
517 752
372 105
446 54
668 921
272 692
203 821
411 999
290 709
775 229
226 990
265 652
347 462
722 339
708 175
185 134
770 824
534 59
358 62
267 469
117 939
681 752
552 830
970 589
601 988
558 123
573 660
617 178
801 524
438 472
823 54
303 247
456 489
850 416
696 178
462 11
109 647
491 712
758 827
825 63
458 535
477 548
981 347
535 755
800 6
161 19
629 124
567 478
746 709
419 314
166 134
112 837
729 476
999 71
71 247
30 209
491 604
260 671
141 491
130 827
149 840
610 3
873 642
680 476
66 842
776 709
786 902
435 150
902 296
420 27
549 666
833 196
824 605
125 604
721 369
298 37
924 957
788 130
96 317
10 802
560 717
21 668
365 441
296 607
24 148
549 787
208 494
595 903
874 89
479 728
135 918
966 846
229 553
251 83
803 788
154 150
95 738
912 960
494 972
783 846
879 554
566 94
595 795
548 683
501 608
64 341
179 853
996 321
113 499
913 323
338 846
508 503
117 389
263 672
79 97
607 216
378 918
240 688
796 677
954 31
419 690
534 677
651 30
946 621
531 379
875 152
999 447
30 585
520 449
387 334
273 757
978 509
384 36
274 164
688 447
191 166
187 690
858 629
631 852
805 739
922 735
359 100
407 814
993 386
198 411
184 513
967 922
557 758
918 737
758 519
950 689
967 104
738 806
158 231
550 984
853 756
218 245
27 714
705 858
8 701
345 57
0 288
136 886
371 460
617 930
362 411
269 183
260 363
251 809
576 340
34 57
889 571
273 73
873 563
603 473
372 52
854 55
50 1
566 820
542 234
271 414
104 8
670 648
307 596
711 420
702 866
17 763
237 766
586 654
732 708
713 466
900 292
239 546
103 951
421 294
483 943
932 15
527 195
730 820
904 707
945 708
618 579
950 823
977 926
141 425
466 710
397 876
994 866
534 356
448 841
938 705
186 841
96 130
739 990
968 584
104 250
288 825
981 523
995 192
353 954
510 120
823 351
157 490
14 441
583 369
816 82
683 950
320 898
684 128
727 764
121 954
685 767
974 604
363 487
261 439
687 547
439 482
219 213
241 726
12 903
516 665
53 675
328 614
175 143
180 487
846 82
144 564
694 442
495 498
99 269
640 327
184 84
939 660
612 265
906 483
161 329
937 550
870 789
684 141
656 308
840 654
358 614
191 208
14 575
270 501
979 732
970 912
66 213
902 714
33 36
838 958
120 678
502 514
390 44
987 34
832 389
97 694
730 378
410 925
74 747
261 802
588 968
266 917
440 804
374 221
645 684
593 265
488 737
390 165
345 688
754 856
664 145
31 232
903 161
853 569
209 504
204 160
536 633
682 687
542 155
712 337
285 233
832 631
59 681
386 810
936 725
559 509
306 63
512 397
567 104
168 358
916 746
566 633
122 656
767 394
577 233
50 753
289 998
922 682
989 443
562 110
944 966
400 48
492 805
907 818
700 754
222 715
63 399
385 184
598 706
221 756
926 279
463 289
311 649
75 638
975 400
187 879
484 348
919 276
327 364
850 405
571 990
951 457
170 646
323 888
120 825
6 952
539 220
577 475
983 934
205 869
907 121
688 757
922 695
474 10
322 407
704 472
781 921
29 828
514 348
431 542
937 939
866 470
752 405
573 891
907 13
590 306
466 536
240 193
548 80
699 478
969 110
812 126
583 303
803 306
579 827
780 588
655 593
283 950
969 231
349 486
929 832
825 186
935 583
389 824
296 596
43 150
342 483
939 473
232 611
667 768
736 373
856 704
237 955
221 193
185 270
864 824
485 10
344 34
560 827
641 486
627 588
591 140
168 37
668 360
664 655
562 378
611 728
129 496
333 262
54 847
477 913
186 212
313 24
184 139
92 550
629 260
18 106
281 974
152 335
644 797
251 314
509 838
583 787
354 735
555 725
54 968
62 792
7 627
153 681
309 669
958 849
782 852
887 151
36 510
383 325
484 148
954 851
122 469
373 51
736 628
400 679
501 731
680 962
670 274
110 580
452 51
621 503
929 390
34 743
698 494
441 572
692 154
606 905
895 742
666 690
528 985
569 986
932 809
440 872
844 962
305 913
420 634
170 459
51 242
106 703
629 744
472 43
563 161
260 123
17 402
705 510
658 169
840 146
976 973
497 975
566 580
593 683
477 242
981 41
243 829
793 973
361 296
316 819
168 655
185 70
429 696
11 708
93 481
649 470
129 175
561 357
860 919
385 360
1 663
973 567
496 871
725 465
117 57
678 124
282 124
639 398
976 986
217 934
215 70
509 59
767 583
711 651
950 933
21 241
554 704
254 183
751 989
424 594
4 8
317 239
401 876
124 73
542 586
868 756
622 57
178 309
45 719
733 302
370 250
838 355
499 889
351 237
919 694
950 7
24 781
330 70
533 658
453 369
7 548
604 538
609 653
686 607
639 532
336 723
303 546
542 828
456 788
380 12
798 296
10 738
756 299
637 836
360 33
76 274
888 189
56 561
336 844
555 659
825 254
486 788
232 908
70 846
651 74
914 713
289 395
927 423
839 310
445 908
44 564
825 375
547 138
497 546
442 610
419 855
40 41
284 438
146 962
449 505
13 618
875 88
82 977
715 624
546 852
346 498
851 899
744 278
331 634
950 383
549 39
991 155
220 803
872 729
808 973
641 796
797 555
737 275
434 503
310 696
929 445
230 444
53 811
684 614
794 257
610 436
229 973
303 922
931 262
628 453
881 670
702 439
382 986
872 850
946 799
729 801
61 113
241 983
189 527
841 453
436 404
725 278
73 352
9 862
964 560
908 399
674 986
223 296
842 45
35 999
491 461
439 42
582 350
604 109
303 935
550 812
796 50
326 101
682 702
473 528
970 580
712 581
276 694
412 289
353 877
956 389
80 718
892 633
312 58
121 756
374 707
281 479
336 415
726 341
795 471
762 523
693 689
216 764
770 118
729 117
6 954
627 106
164 79
45 882
692 235
967 174
719 826
443 928
601 53
723 982
501 115
745 475
79 651
781 923
795 592
151 490
175 884
696 61
343 468
40 659
816 126
926 523
659 408
263 179
471 882
856 693
144 487
37 361
209 882
484 821
971 939
317 415
231 146
401 823
303 251
905 585
430 292
836 714
877 523
679 767
51 444
610 933
376 995
930 120
697 821
869 110
549 428
29 133
108 951
705 941
323 85
350 713
964 118
699 601
644 665
470 778
876 5
643 706
449 197
5 449
710 238
390 785
357 837
200 136
865 526
538 131
760 998
125 487
507 552
171 603
713 657
9 541
708 313
675 136
690 902
191 23
924 840
275 431
270 87
416 370
793 128
545 26
440 498
462 257
579 842
830 424
338 487
126 42
442 544
194 213
914 768
490 440
719 34
355 252
396 24
487 142
378 909
488 552
221 437
823 542
917 140
743 778
165 801
724 499
522 550
770 386
849 679
398 743
164 576
847 606
791 445
405 904
9 904
212 738
496 268
644 920
518 781
456 869
5 933
985 661
622 609
302 402
835 902
971 497
57 571
286 165
982 363
10 230
851 846
988 851
537 915
480 381
927 841
292 330
495 918
829 40
104 804
761 808
186 577
236 923
425 859
165 225
865 902
189 353
808 102
226 915
1 302
69 702
215 756
848 440
144 58
80 302
90 990
181 354
644 115
258 574
497 856
712 744
101 590
782 988
577 290
881 967
301 392
7 174
977 675
432 875
677 908
801 449
144 179
586 295
880 513
728 873
78 764
928 934
477 244
637 233
683 578
17 754
544 5
895 986
741 290
663 865
262 292
74 241
511 996
363 115
472 516
802 916
797 986
551 287
415 655
267 528
913 114
519 712
629 880
828 6
67 588
967 350
962 6
91 945
661 832
711 424
428 301
493 467
264 607
367 62
661 14
294 486
189 958
228 132
450 770
257 604
797 60
582 889
582 660
2 85
604 419
884 702
791 245
956 578
620 363
97 93
895 73
330 301
757 368
588 596
94 24
21 485
403 550
659 476
217 131
395 137
885 1
584 827
80 799
703 24
234 714
201 537
399 27
344 91
27 155
780 887
503 84
814 471
714 533
246 953
84 137
356 559
918 70
436 30
532 263
905 774
118 394
864 184
444 793
948 592
888 312
222 451
982 176
755 951
39 515
111 620
892 956
701 836
374 212
387 151
48 456
736 564
68 105
450 207
730 261
100 94
898 74
449 736
545 444
710 548
266 800
440 687
233 623
281 105
40 982
594 336
733 680
912 911
497 669
189 516
953 683
786 506
636 976
708 852
697 205
375 154
829 95
889 146
546 975
369 110
360 290
346 392
874 511
953 804
452 229
264 178
503 460
608 513
179 107
288 508
665 229
477 178
325 804
801 504
402 758
443 567
176 452
611 114
841 576
328 994
54 462
150 170
950 748
270 989
908 751
796 281
603 640
537 286
998 681
767 748
220 121
299 414
775 343
197 366
904 753
241 409
67 293
764 221
531 922
890 37
682 825
179 699
812 117
51 433
388 55
935 453
964 925
535 748
908 993
736 243
388 994
300 881
65 718
564 173
712 825
574 595
868 584
838 641
530 525
678 423
320 715
544 194
457 949
322 532
881 230
850 651
373 726
724 246
154 130
481 259
439 528
356 264
890 171
551 476
303 374
77 31
247 479
259 718
892 890
754 660
551 597
449 549
325 25
889 67
830 655
355 133
700 316
974 784
468 949
822 952
951 837
555 608
949 727
467 724
123 685
780 955
919 67
594 270
728 499
98 103
258 92
521 960
6 514
276 146
670 265
97 632
730 316
891 907
209 321
586 42
178 742
467 616
816 504
79 211
258 213
91 450
31 170
3 108
699 40
907 743
241 919
425 740
170 450
870 861
417 327
202 173
642 445
802 434
567 42
522 794
448 579
11 578
2 758
24 517
836 166
650 979
299 227
868 384
240 815
972 212
182 810
414 150
820 343
71 979
685 384
920 924
1 425
100 633
64 710
105 748
91 584
344 764
798 971
956 325
421 984
253 582
888 864
239 189
932 116
390 587
987 577
935 387
133 702
103 5
461 238
490 939
853 762
636 239
333 992
219 890
16 9
292 816
414 284
162 477
905 521
170 826
151 547
827 867
729 295
794 690
388 2
813 703
665 539
954 413
683 822
912 416
731 112
772 113
366 657
942 524
837 242
603 829
792 765
401 880
14 434
74 485
449 362
588 706
46 423
421 300
930 406
481 314
118 262
67 711
260 611
361 663
636 373
667 477
792 886
391 542
267 772
950 11
649 837
229 251
504 190
90 550
816 196
141 781
664 822
103 260
772 355
615 142
157 496
52 968
377 499
368 945
325 80
555 771
825 366
335 273
756 532
517 21
486 671
622 303
104 606
181 35
998 65
843 945
992 250
744 148
771 22
726 774
74 848
900 661
523 674
836 905
550 319
825 258
814 594
272 311
394 974
227 568
42 788
702 309
573 158
696 494
706 953
761 623
883 320
227 918
912 792
371 145
777 604
688 495
146 966
347 202
667 143
462 677
486 805
687 795
594 567
272 553
81 985
332 338
203 453
268 811
423 456
794 369
450 559
128 279
4 509
983 564
994 659
581 261
719 454
151 936
66 569
643 92
423 577
10 179
610 669
837 860
362 567
596 505
174 287
604 100
876 559
912 216
124 695
829 218
705 677
42 104
116 53
448 526
401 680
126 475
148 234
337 924
5 185
674 280
139 939
63 163
758 688
524 521
472 331
775 103
138 980
954 105
427 588
829 339
287 56
433 110
930 916
85 824
693 680
846 922
299 295
500 285
844 95
596 518
64 886
750 167
481 945
768 221
112 819
98 655
421 113
63 405
51 314
896 406
137 354
596 868
725 524
843 516
829 581
806 863
154 937
226 288
567 352
368 637
813 758
343 580
954 468
866 355
394 774
494 483
461 535
77 838
180 293
359 295
350 475
253 771
368 758
435 253
822 699
500 419
100 943
379 129
618 640
683 769
12 601
810 581
698 111
741 481
129 597
776 704
371 655
271 717
300 186
491 720
57 199
664 877
153 432
884 651
106 91
529 194
157 551
380 71
517 76
976 361
783 949
222 387
631 592
722 710
70 784
727 825
782 495
382 790
201 715
936 181
858 490
393 656
114 975
786 321
391 731
248 911
193 221
821 315
499 264
270 441
234 784
294 798
416 495
27 454
710 484
16 561
181 103
673 565
34 844
753 265
185 747
615 331
881 716
783 144
178 973
434 441
169 924
594 393
401 264
574 155
87 333
780 260
418 847
358 567
215 747
490 686
121 331
828 681
965 198
978 396
680 968
418 968
624 807
942 150
42 159
608 570
211 345
789 93
954 389
598 525
431 119
433 165
732 461
446 104
365 933
396 283
795 517
745 171
46 170
362 406
747 217
251 804
540 412
89 476
388 809
80 656
654 928
588 574
454 345
187 1
142 753
852 620
544 238
17 758
442 227
172 366
980 805
751 982
498 536
406 947
280 579
817 289
467 176
912 526
688 818
791 236
75 820
39 143
732 824
900 408
984 816
794 921
868 870
276 995
785 872
558 415
348 834
272 58
444 313
571 125
755 700
405 587
703 15
107 664
363 361
812 187
490 136
51 732
27 146
985 115
830 241
300 12
752 816
277 28
901 121
414 528
939 413
919 929
561 955
99 372
99 143
145 488
742 478
816 198
67 605
631 418
194 380
452 675
410 907
628 83
963 598
178 786
25 315
448 381
525 372
813 250
331 735
362 85
694 558
247 778
151 804
393 603
613 835
379 668
164 743
525 722
776 75
506 214
781 419
781 190
199 966
782 792
881 542
437 794
691 381
388 380
123 863
644 40
902 601
530 958
373 220
523 689
218 53
168 232
121 386
952 314
112 566
525 735
387 276
731 840
970 331
478 394
500 153
712 332
1 469
928 859
950 618
58 222
490 633
858 800
658 217
80 240
551 91
410 115
687 918
905 323
855 731
882 110
68 351
4 861
427 698
908 742
466 397
378 284
479 336
718 618
30 769
776 559
236 874
0 109
915 903
924 457
709 569
767 510
15 646
441 754
35 66
785 564
45 525
521 454
256 937
810 328
457 469
589 854
434 980
759 511
322 281
215 118
115 705
197 249
59 810
40 531
664 395
89 652
648 121
883 927
52 541
93 542
924 470
743 395
860 980
632 298
425 234
36 947
934 111
38 993
886 299
607 884
13 411
421 236
550 121
911 100
992 991
233 185
357 480
481 250
995 471
582 827
883 1
613 177
43 24
669 715
824 360
658 822
121 883
675 237
205 59
88 477
96 301
416 242
748 752
373 609
357 601
799 946
150 537
948 517
728 248
733 363
323 199
712 11
736 368
185 265
611 602
844 581
968 876
51 679
178 491
916 420
670 953
489 124
508 137
883 14
628 956
822 4
667 655
149 958
278 843
787 720
671 774
143 389
979 661
132 725
624 433
789 766
517 307
770 487
584 68
980 68
940 935
520 312
131 271
134 542
791 546
135 915
978 143
205 193
614 361
578 438
421 720
137 961
691 315
517 199
508 608
608 317
241 789
893 715
84 317
626 600
406 102
342 612
758 490
488 666
620 785
596 199
485 597
330 723
397 484
946 726
22 341
292 202
762 905
834 256
94 217
701 895
873 184
737 323
907 734
62 679
491 267
496 382
243 690
573 336
471 554
292 323
490 567
746 264
150 913
800 729
318 726
626 613
923 836
472 146
615 683
21 210
499 508
783 38
320 277
347 151
956 195
853 511
572 269
668 960
415 514
888 734
915 837
230 505
1 645
558 41
102 993
996 681
683 221
622 736
811 635
281 177
346 572
509 41
249 639
340 986
832 694
513 914
981 265
480 508
339 532
605 688
911 960
589 680
916 809
943 912
217 808
275 224
560 622
756 39
403 409
296 54
22 717
806 799
508 876
126 774
69 11
951 399
775 402
830 109
949 60
425 289
530 342
295 704
639 514
685 630
699 299
647 109
349 415
858 292
841 648
682 66
367 994
348 715
205 932
379 65
315 538
356 310
731 224
903 708
397 873
359 581
732 826
859 638
520 943
284 178
430 232
910 869
418 178
607 831
51 613
285 551
467 299
491 656
362 771
329 823
463 823
114 669
324 479
640 190
287 597
908 944
937 184
396 769
542 823
946 647
110 146
767 941
882 891
888 413
855 236
530 476
98 28
406 144
497 299
712 187
246 946
142 71
925 480
686 723
326 417
59 302
386 431
360 967
695 957
509 538
853 311
825 249
71 541
477 963
57 148
318 418
554 954
249 318
708 603
73 92
568 71
437 783
831 939
528 901
201 543
215 441
908 139
168 329
200 318
348 970
945 960
593 249
851 773
20 616
204 962
381 329
601 598
274 203
363 726
275 842
531 539
163 143
797 429
776 77
51 50
918 426
14 922
375 147
848 596
93 986
569 915
718 257
145 624
181 281
169 981
319 511
487 95
392 501
693 200
505 378
240 861
813 494
202 111
243 866
174 278
518 842
945 155
64 406
293 229
834 324
94 514
811 569
61 108
962 738
511 573
455 907
331 871
996 736
595 163
144 227
975 155
634 91
467 917
396 448
393 150
935 204
627 88
802 843
446 979
664 155
400 45
792 569
816 926
570 227
556 329
203 928
798 91
646 451
576 163
139 125
906 38
177 417
773 448
470 639
317 168
88 345
167 638
666 56
566 872
874 988
693 684
710 99
569 123
1 834
40 533
114 482
105 928
203 2
544 66
53 472
158 525
834 808
218 539
130 463
732 760
245 184
162 644
740 126
330 228
132 243
54 589
995 352
2 133
480 926
936 977
989 803
824 241
383 993
421 238
393 405
833 411
783 819
177 780
650 475
516 246
906 172
107 721
480 0
681 993
560 932
622 349
522 182
921 645
805 470
304 188
328 545
636 432
572 942
873 870
73 26
732 894
862 186
79 780
27 324
911 344
443 10
916 193
217 421
814 411
948 411
506 29
342 601
478 196
450 134
564 421
737 312
718 70
618 886
67 783
571 545
213 837
917 953
679 78
479 956
942 717
364 740
787 843
937 373
31 42
55 399
118 684
68 863
747 892
52 330
981 830
967 895
590 908
516 730
735 774
279 265
884 79
908 436
897 314
112 502
217 784
597 22
855 546
332 505
590 800
10 225
235 572
565 972
391 856
424 215
176 150
952 371
685 256
365 803
685 27
570 40
198 397
186 343
115 628
230 615
328 921
849 98
54 389
680 851
578 803
380 330
994 489
729 972
407 921
173 754
644 339
809 672
993 264
2 872
487 392
37 866
596 564
212 867
680 972
702 731
292 338
753 632
560 503
371 338
613 100
413 978
821 803
807 868
7 61
623 293
750 105
462 870
966 632
983 47
33 464
93 478
277 824
208 990
822 624
1 660
393 218
422 690
269 182
348 475
293 539
862 696
428 175
254 59
125 174
842 458
966 753
460 164
897 919
556 626
396 408
267 523
597 398
506 768
602 513
748 796
275 118
757 121
1 781
949 291
161 770
211 362
496 989
100 760
912 409
733 178
175 116
213 408
328 358
75 932
562 296
78 183
551 632
126 668
93 720
418 288
321 355
402 14
211 483
238 586
964 986
857 823
57 16
53 540
366 771
846 176
193 25
575 881
876 55
710 288
393 581
641 417
252 605
481 199
899 712
150 594
828 243
304 14
161 194
689 350
513 124
74 720
0 542
955 240
913 472
701 589
355 181
949 425
140 27
602 58
856 877
89 735
997 587
119 89
614 297
564 705
215 322
95 900
709 76
497 651
645 549
34 661
153 612
199 728
190 908
124 554
64 274
974 724
559 482
806 359
402 269
333 435
117 551
714 541
929 429
602 71
492 428
827 418
679 25
964 423
652 831
540 95
976 662
831 15
626 549
299 154
882 209
6 575
54 94
651 84
274 97
592 672
168 344
116 154
691 385
792 437
668 896
723 603
742 616
384 908
530 962
321 34
501 904
615 511
866 93
515 573
523 922
576 31
457 568
820 391
723 724
589 495
828 740
924 448
368 267
34 916
423 691
593 385
97 935
605 853
414 90
913 740
823 29
704 566
57 755
979 276
960 34
555 214
51 186
689 968
627 90
568 678
191 691
494 463
857 286
199 57
534 47
551 216
840 90
102 124
877 386
720 173
188 578
282 176
256 712
636 179
765 818
42 460
773 679
565 235
234 401
681 861
8 58
393 394
338 229
986 679
934 223
731 160
595 528
658 813
787 469
900 346
616 587
990 505
178 361
422 987
150 528
274 823
857 649
134 291
824 472
853 944
452 600
460 461
280 530
51 670
233 418
632 652
489 115
728 131
370 423
585 348
626 349
800 7
956 749
973 164
515 252
978 13
468 702
3 77
691 185
168 144
635 290
618 646
115 254
805 472
304 190
474 372
308 834
509 824
795 952
578 429
796 773
670 139
694 496
614 244
380 77
5 917
583 665
784 655
605 424
305 657
202 973
621 368
475 839
222 393
772 537
540 968
730 540
639 947
28 793
969 593
931 301
303 732
187 557
316 442
398 969
415 155
575 144
831 70
43 283
459 198
445 263
400 786
744 330
303 853
537 791
449 907
421 845
495 794
319 797
718 314
370 799
640 623
529 792
133 563
711 274
298 630
740 746
738 902
755 317
834 610
779 674
719 623
108 506
801 204
30 815
668 843
382 220
148 53
290 631
87 568
288 558
357 163
651 381
637 446
329 101
578 805
297 563
942 35
429 453
988 151
809 674
640 865
808 449
469 754
670 515
796 331
961 664
498 408
914 323
465 231
313 628
371 569
780 508
334 687
647 918
26 305
444 64
917 513
383 808
488 107
228 934
565 290
437 290
566 929
657 293
786 932
323 942
101 600
178 295
319 5
188 754
816 57
136 298
972 570
394 593
636 355
952 857
639 397
979 465
27 247
333 290
216 708
357 647
725 814
902 218
353 942
482 827
392 116
429 937
649 940
611 419
721 62
619 14
951 524
354 534
932 245
151 434
371 703
495 473
775 527
178 308
40 832
384 642
255 757
169 488
599 301
497 290
232 773
120 303
39 378
937 296
919 693
416 301
583 478
662 771
321 478
902 460
458 712
736 427
557 196
758 186
9 593
427 86
129 429
965 930
817 766
924 892
836 779
720 833
665 897
431 730
250 655
164 615
530 709
681 124
634 766
960 936
413 309
165 961
338 889
117 661
488 604
648 556
684 250
890 584
818 479
531 422
864 302
406 390
646 79
651 194
518 604
303 679
884 136
394 43
330 553
435 798
738 607
811 560
575 320
547 487
387 269
249 564
588 30
510 605
371 32
312 849
885 253
191 559
475 89
760 487
236 975
998 544
673 747
676 264
290 457
832 511
245 980
940 310
824 98
865 136
397 556
259 326
70 161
550 798
761 981
831 259
800 909
818 963
618 151
169 59
554 624
573 637
111 54
407 870
892 619
880 565
448 642
377 173
307 868
169 409
207 701
7 347
950 745
788 683
655 568
591 812
622 916
842 165
410 471
19 586
352 237
269 239
193 887
351 278
587 814
977 969
172 306
37 347
195 704
420 822
506 825
757 178
531 101
271 699
269 589
866 579
563 807
907 351
678 528
843 861
380 871
191 706
614 809
600 874
268 135
438 812
80 838
987 761
770 238
417 645
539 342
991 880
953 359
772 284
684 171
596 58
749 300
207 17
10 900
426 815
343 817
747 641
398 487
203 248
984 59
626 122
115 135
364 839
515 254
229 422
738 299
421 592
338 594
814 523
241 890
755 882
278 957
969 582
656 122
358 428
845 775
480 125
232 23
729 600
756 703
357 957
747 883
379 487
613 654
76 449
318 248
571 428
139 505
433 723
276 251
988 716
64 331
229 664
280 895
844 937
932 784
25 605
140 326
811 265
458 901
291 495
907 727
125 957
653 847
231 858
212 616
344 506
283 267
892 82
420 501
925 902
395 673
199 798
973 421
574 150
620 791
169 101
174 216
986 131
26 52
945 93
69 688
242 845
163 323
844 950
701 901
465 99
453 799
88 149
410 163
662 384
868 489
555 29
106 691
92 793
548 807
398 45
876 609
898 368
75 560
200 740
322 437
676 440
552 633
963 204
780 268
954 155
912 158
958 274
27 933
842 328
424 340
66 632
47 353
504 40
905 155
841 628
101 589
744 695
614 851
153 227
793 853
383 689
405 448
200 753
346 807
506 759
850 569
98 705
970 634
104 227
486 292
902 207
274 638
408 867
366 641
958 287
179 522
108 53
743 335
371 692
536 5
481 69
852 736
324 351
717 282
581 687
232 533
92 230
441 118
88 754
675 56
451 577
821 110
124 182
112 882
24 998
944 446
429 0
30 254
769 859
972 693
361 539
834 988
455 174
773 749
947 636
964 51
52 952
680 292
294 485
514 754
189 957
304 944
583 359
524 947
85 82
90 426
100 885
957 11
12 772
428 421
493 816
653 768
818 118
773 870
675 298
377 375
886 252
519 953
803 483
789 585
439 701
953 427
386 316
124 545
694 432
788 67
941 309
868 999
352 668
938 11
733 774
767 129
918 527
202 91
730 247
466 137
454 837
757 609
944 701
825 255
472 891
835 943
310 792
678 959
604 781
951 71
10 42
409 542
841 199
235 389
651 304
763 545
301 191
592 663
58 204
793 424
490 386
691 376
234 137
863 79
161 561
885 363
749 502
105 437
760 597
238 966
262 91
888 782
115 566
662 210
161 682
450 556
918 661
472 86
202 225
432 916
293 343
191 332
839 782
897 723
317 148
453 746
878 215
404 561
92 969
376 499
802 607
339 580
755 266
490 749
997 28
653 218
842 154
299 400
932 47
92 861
486 226
45 749
967 270
664 498
702 790
994 898
760 731
446 46
145 872
465 59
253 634
781 790
523 229
459 739
944 259
679 513
104 282
665 349
463 629
124 934
17 808
3 644
961 613
859 565
795 580
578 57
201 107
492 808
574 581
715 291
436 647
865 501
805 221
237 932
180 398
125 233
749 60
427 9
994 93
552 943
354 470
822 575
21 526
967 404
721 348
354 820
459 873
560 925
85 137
632 535
444 484
948 283
131 24
268 258
557 132
584 760
656 111
551 583
514 930
416 129
913 181
892 58
302 27
128 894
310 376
134 645
547 60
506 22
764 583
249 366
717 471
856 815
235 202
945 69
23 319
193 205
965 987
65 959
963 877
696 533
835 877
38 75
898 933
433 833
120 373
288 186
708 543
138 656
570 838
886 549
963 769
223 205
393 653
952 351
30 564
473 87
232 964
359 776
226 661
637 195
391 728
432 729
903 85
975 190
655 20
943 652
869 474
943 423
709 256
938 79
906 541
885 418
670 264
191 266
958 142
347 254
98 223
254 965
610 600
808 90
491 383
683 95
994 711
545 619
247 962
902 893
74 216
258 562
5 116
170 449
968 429
385 108
574 44
338 33
152 809
744 455
427 748
210 750
380 673
260 113
977 434
311 573
741 386
746 501
462 742
448 807
489 616
663 503
979 443
131 642
272 618
337 976
836 394
299 455
354 162
32 111
851 968
646 270
238 216
100 511
334 449
141 283
466 568
316 809
438 506
624 925
531 734
200 863
907 984
676 563
354 283
702 966
246 457
361 407
655 625
801 679
166 168
737 923
405 221
336 350
33 578
919 442
778 695
518 98
129 286
627 270
233 114
276 750
348 589
384 283
525 222
939 505
48 68
922 861
416 989
727 622
469 61
965 679
43 892
487 640
550 171
82 820
233 235
338 288
329 697
747 456
360 10
297 930
773 859
331 477
969 505
778 708
308 530
13 353
560 751
164 485
799 767
926 808
934 403
466 823
792 993
386 305
699 536
109 936
899 826
300 9
568 992
733 534
512 831
620 364
568 174
317 592
671 824
955 354
165 952
280 939
36 84
344 200
743 700
454 826
968 818
101 967
747 590
136 665
282 719
98 144
511 313
645 542
507 837
923 523
873 931
785 293
436 139
4 253
226 595
303 778
802 233
832 139
248 613
471 362
727 59
820 250
295 136
830 480
300 251
852 993
136 786
907 663
580 305
203 547
385 29
736 781
562 665
116 844
73 208
926 124
914 824
133 259
928 722
652 824
113 546
164 740
16 613
828 491
136 678
855 365
282 732
98 157
433 901
39 745
964 537
754 727
691 378
718 252
107 327
249 676
445 93
675 784
785 427
124 681
31 224
889 484
672 257
319 856
319 627
98 399
629 789
357 330
529 851
477 166
898 196
378 389
366 335
719 453
990 953
597 204
805 907
505 386
898 546
270 977
196 799
810 433
490 980
502 51
302 929
634 207
402 638
999 628
770 805
584 386
262 335
222 936
693 558
156 582
835 382
133 864
463 510
833 43
898 438
163 743
878 459
924 575
187 53
664 621
829 688
306 647
796 511
507 408
144 356
658 806
364 359
909 159
644 642
941 111
550 226
423 939
913 49
758 929
173 10
307 993
73 826
76 77
889 860
994 913
509 575
841 819
660 744
999 173
242 2
761 301
301 811
444 365
42 816
964 108
556 808
279 5
542 873
514 811
641 357
68 724
269 714
613 524
709 3
609 819
934 350
232 832
177 896
800 121
237 947
879 414
875 938
557 134
939 694
501 239
740 484
762 997
349 599
807 16
877 755
316 422
352 604
527 376
277 430
664 876
506 24
497 470
841 14
455 473
493 765
185 612
551 706
408 132
778 897
743 876
999 307
775 828
269 956
286 142
561 81
263 653
43 155
450 250
534 887
255 11
931 294
482 202
223 207
734 948
159 717
164 795
632 900
967 890
588 76
970 141
529 664
598 269
18 448
752 184
726 949
764 9
807 379
521 22
435 736
242 607
729 954
710 712
21 904
415 269
659 895
599 615
690 208
179 29
731 771
896 84
534 900
829 259
232 40
27 803
278 156
145 795
644 213
453 682
611 36
468 253
103 569
698 715
749 909
697 490
212 741
213 148
330 733
232 161
710 954
259 264
507 100
154 736
402 572
658 498
70 99
787 154
200 623
850 439
542 323
662 388
951 262
63 325
524 683
808 213
390 454
188 734
379 36
568 726
764 372
100 392
416 857
195 629
432 47
776 382
115 865
206 229
533 395
569 52
739 729
770 42
450 626
441 806
86 578
210 644
750 100
38 803
289 119
189 706
233 224
343 621
701 100
379 49
601 916
103 114
497 41
130 742
787 517
840 380
418 162
454 344
476 103
113 51
276 981
216 701
227 530
287 352
665 648
577 535
400 350
119 71
105 173
225 992
495 358
711 885
134 352
786 241
576 697
139 430
813 115
763 523
790 131
587 68
55 436
831 694
719 187
922 58
373 782
858 531
223 20
153 715
34 535
516 538
969 749
262 887
699 659
69 492
561 954
676 941
220 661
3 138
132 548
858 423
159 651
916 593
539 643
878 72
618 936
57 374
576 710
147 38
408 308
583 834
996 249
335 732
550 428
214 442
200 315
21 838
86 967
442 831
477 34
339 329
201 890
559 369
817 893
834 308
209 256
775 896
962 722
943 480
411 619
354 85
712 547
582 437
515 447
248 857
366 324
261 796
944 826
975 139
402 506
591 442
319 737
902 829
864 308
497 780
626 665
953 794
920 846
309 958
548 974
818 606
620 850
604 88
769 421
442 26
619 625
314 514
787 209
902 950
365 974
616 327
184 670
874 851
368 262
662 214
274 334
518 960
356 107
903 276
11 634
594 689
957 512
203 804
781 552
445 566
887 682
436 746
100 568
692 214
664 381
645 102
704 682
974 277
781 673
505 738
987 741
799 690
780 448
866 451
546 281
716 921
577 348
305 155
252 63
315 348
760 964
925 277
880 800
350 571
186 877
814 971
196 104
234 396
693 910
244 818
450 923
522 274
780 569
613 163
334 748
67 633
494 700
177 764
880 921
947 682
341 872
205 45
47 425
331 184
358 287
528 698
430 163
449 176
598 942
808 523
990 271
899 641
90 243
361 706
461 415
130 810
727 800
111 531
376 48
378 646
460 456
870 583
4 176
861 534
854 346
933 639
826 513
821 169
325 2
743 515
206 310
338 695
849 645
407 300
711 940
112 123
931 980
24 10
645 357
903 881
505 54
110 198
583 647
82 890
897 285
541 421
945 999
580 349
446 534
432 370
726 588
597 703
913 414
853 134
803 542
491 950
711 953
549 891
351 418
822 3
235 206
6 383
665 19
905 940
807 368
325 365
380 72
471 419
5 912
872 763
843 62
686 78
500 891
445 955
151 737
233 547
981 935
267 131
396 16
483 658
290 263
278 963
345 724
899 78
842 776
950 538
757 897
523 730
242 717
452 32
830 887
295 85
62 786
659 776
643 14
846 602
304 319
744 325
692 135
741 27
727 129
481 625
336 207
892 196
993 248
502 684
455 838
646 140
539 14
108 730
655 374
237 386
209 553
252 923
639 137
625 202
391 35
599 967
122 813
860 779
729 30
156 397
266 40
87 563
665 274
852 366
986 366
320 505
884 89
942 259
88 155
267 386
597 261
382 336
487 389
593 556
832 801
326 966
582 626
482 459
499 857
50 802
578 921
939 146
328 221
438 618
345 161
892 559
561 688
196 38
96 100
250 274
568 849
659 213
67 338
461 457
31 644
941 865
409 38
903 573
980 793
572 739
658 742
952 731
570 400
793 149
970 519
230 746
940 613
90 177
515 878
852 500
609 513
717 275
120 56
295 811
284 164
349 293
729 285
519 704
450 870
104 462
348 822
642 811
494 647
177 940
254 406
240 242
792 984
224 5
124 67
230 988
316 237
579 876
40 827
150 470
203 67
529 237
744 125
205 113
821 116
957 943
160 599
313 878
46 763
275 586
242 409
619 130
440 653
242 180
706 809
472 642
618 925
816 415
401 173
141 771
122 492
153 596
199 712
161 191
923 514
873 922
391 653
456 782
812 417
908 125
882 890
49 660
651 994
172 959
29 422
213 997
827 402
939 872
689 697
543 414
395 250
307 366
496 302
559 358
44 666
668 530
864 176
778 136
566 253
199 725
450 307
18 384
441 487
766 18
297 479
22 274
228 379
916 487
520 487
998 526
776 184
26 918
468 68
781 299
120 553
389 189
788 423
738 831
330 777
564 715
182 384
300 605
589 479
145 731
71 553
470 33
594 328
253 264
497 661
674 28
925 842
362 207
452 329
708 26
842 26
849 150
185 924
486 98
558 203
152 747
147 403
155 264
353 508
633 791
39 52
383 616
400 31
902 952
262 97
594 570
776 547
528 216
712 791
175 852
703 971
756 80
775 93
100 678
384 208
174 398
325 796
215 924
466 506
688 619
617 150
735 142
606 257
65 576
299 514
729 327
555 211
49 339
532 981
967 384
683 625
707 982
360 645
538 917
403 463
573 874
256 938
961 727
759 741
298 117
382 525
215 119
710 327
882 582
57 176
293 712
566 53
824 577
337 1
619 882
501 338
415 823
93 543
270 176
621 928
22 74
924 700
132 471
514 573
385 651
160 304
701 628
797 107
871 810
972 862
249 238
595 646
383 992
534 636
73 12
842 523
410 829
565 474
317 409
625 525
611 590
905 808
41 245
926 867
398 482
948 397
282 307
304 66
725 59
102 605
396 823
802 50
690 775
531 459
294 546
673 542
640 136
447 761
937 588
441 421
293 257
408 244
124 485
757 657
531 351
825 532
591 365
658 126
121 187
453 431
419 783
215 724
191 138
779 308
879 889
373 263
361 963
194 786
20 670
394 93
729 837
742 776
704 255
291 611
833 665
965 67
15 676
385 209
588 80
973 645
708 899
744 327
100 262
834 486
435 740
204 90
44 855
136 858
846 725
68 394
720 91
558 29
246 437
769 249
707 566
779 671
724 735
218 338
94 568
801 430
195 620
613 904
699 153
387 561
906 897
560 489
519 222
535 432
727 602
149 625
759 325
666 97
542 556
363 96
208 976
514 494
560 610
260 577
447 440
698 22
958 390
557 46
942 382
369 749
782 164
364 176
520 918
704 510
611 282
275 333
615 926
596 684
907 280
788 854
26 302
573 700
526 854
834 970
925 334
796 220
782 285
603 808
999 808
518 212
79 808
38 807
55 185
778 580
244 875
304 926
187 112
803 344
758 867
147 713
678 578
375 577
590 465
227 413
629 164
452 531
226 225
909 218
193 11
661 116
602 970
817 400
161 998
90 300
549 814
764 510
277 126
461 701
282 241
669 650
400 233
601 223
367 56
490 126
445 878
321 354
491 994
434 231
21 587
838 809
318 56
411 247
496 62
735 344
476 349
137 883
963 696
200 414
379 416
711 889
492 64
772 347
870 882
875 997
735 694
553 717
97 437
494 73
568 59
327 899
22 263
3 21
350 65
374 193
723 347
750 938
786 366
562 658
837 597
307 368
618 1
231 787
427 433
0 891
658 73
439 709
384 773
390 258
639 999
637 135
408 312
969 645
331 617
430 596
774 369
99 496
484 307
728 438
43 564
491 202
931 474
40 37
554 258
633 551
875 313
715 849
498 326
360 621
525 954
440 92
598 678
18 628
632 33
105 553
251 607
922 546
237 443
176 433
38 728
575 438
234 374
597 197
401 551
478 734
901 608
290 454
558 205
439 25
64 865
58 562
25 910
305 964
709 788
520 623
201 89
170 739
858 93
249 803
808 501
632 275
642 734
688 850
94 865
267 793
80 472
944 254
610 903
82 518
555 213
450 685
59 800
403 573
26 586
702 906
301 562
769 667
180 272
488 388
378 516
815 517
221 44
154 808
547 968
358 49
849 286
761 402
147 768
558 339
394 874
576 622
889 853
612 50
851 332
400 396
245 293
671 630
607 874
385 532
803 291
271 696
832 992
992 981
739 801
608 52
766 638
114 712
365 65
122 307
997 507
424 874
584 863
649 992
748 971
600 53
710 221
803 412
467 463
539 568
236 530
945 761
293 835
874 292
218 661
686 766
776 925
707 300
578 186
569 366
481 253
274 943
167 63
659 525
898 807
640 246
669 947
67 650
686 887
799 10
931 166
246 63
784 412
154 245
665 949
626 469
410 844
413 361
743 990
628 20
237 364
159 710
792 357
324 777
420 256
184 245
906 644
276 477
101 210
749 660
88 951
432 724
745 955
265 318
325 369
361 26
908 424
407 667
623 965
392 544
459 305
734 15
782 958
634 831
59 600
455 600
419 906
899 311
505 192
638 950
903 201
741 139
729 839
223 442
859 131
635 652
82 210
95 149
582 496
771 432
465 914
265 560
913 781
713 198
195 501
61 272
998 596
253 442
523 37
227 978
593 547
15 570
882 155
775 29
324 93
362 385
881 950
771 324
912 34
359 87
195 622
221 796
849 99
35 111
482 571
829 615
941 856
889 666
669 397
989 375
359 437
806 897
42 272
658 504
52 694
575 735
248 340
525 914
781 840
19 288
979 330
739 843
147 702
527 169
441 920
76 4
292 797
545 748
851 266
503 751
107 751
88 509
248 461
974 107
321 451
660 442
431 353
307 812
907 53
139 410
719 756
130 627
135 705
424 579
42 514
74 466
146 342
335 241
839 40
443 40
546 690
502 354
834 864
283 990
575 869
518 335
913 110
491 875
352 302
269 533
659 459
717 400
199 703
237 995
875 757
231 426
52 949
69 364
965 916
36 187
955 228
251 112
490 357
426 638
355 169
737 234
737 5
926 695
543 634
791 470
961 918
959 54
262 880
596 2
102 662
704 996
205 117
592 526
638 413
517 352
921 701
420 419
7 775
315 662
170 244
483 475
211 16
510 349
460 757
202 196
804 301
211 955
880 296
696 475
795 188
323 607
698 521
870 776
615 486
45 141
17 308
862 134
306 145
600 134
116 21
589 470
682 661
883 422
470 24
52 265
244 435
244 206
636 959
290 322
735 938
362 198
711 86
45 262
650 76
416 663
526 306
311 381
567 78
398 794
714 771
492 658
566 607
954 194
766 143
926 132
389 193
559 833
977 363
146 960
490 733
292 260
77 335
58 322
889 250
691 494
508 787
542 371
392 612
122 751
789 19
439 135
265 507
289 864
316 967
621 556
745 97
151 341
175 735
992 957
197 228
683 616
769 427
504 910
471 733
345 99
553 277
47 405
814 843
566 970
776 551
712 795
421 94
161 921
407 159
357 338
298 926
413 913
917 675
397 905
774 626
834 677
125 217
801 500
314 641
358 159
98 757
270 46
349 339
115 926
775 218
599 221
191 921
399 870
788 682
3 641
414 212
97 239
83 341
767 973
316 54
935 557
916 278
828 165
296 341
232 814
396 693
831 621
850 634
215 123
489 103
714 450
346 54
447 860
306 884
810 683
122 309
240 301
83 354
649 994
110 191
779 286
961 34
849 530
315 596
309 522
538 116
870 589
768 578
303 478
377 427
449 532
163 175
71 586
580 463
227 833
170 70
404 8
414 696
785 114
614 232
867 412
715 772
691 186
720 887
314 199
811 251
489 237
995 597
809 178
184 355
781 345
953 829
669 841
139 612
395 538
642 415
301 122
922 469
862 189
872 648
980 410
913 420
672 65
714 705
370 895
48 615
34 717
543 823
414 709
992 420
436 431
959 243
532 664
592 715
683 79
460 7
723 646
165 89
934 600
617 893
288 425
174 323
155 81
348 210
243 682
614 595
31 274
549 200
64 451
619 673
44 967
171 25
317 79
434 664
456 157
93 105
103 793
165 210
546 87
866 257
563 256
895 729
143 865
12 382
375 205
370 90
540 501
719 503
562 31
784 898
364 275
214 745
988 139
699 36
371 436
579 614
426 143
629 731
983 963
302 979
99 916
66 739
215 44
456 170
506 516
547 554
772 901
832 915
992 904
535 665
623 283
609 385
512 681
961 544
737 799
527 989
728 979
626 968
275 216
464 906
868 730
770 158
491 514
642 912
7 401
282 340
800 37
153 226
584 678
656 29
456 641
602 732
538 976
385 468
811 51
986 843
572 974
648 289
355 976
823 327
415 990
699 520
451 455
198 992
504 281
492 981
924 638
22 12
316 230
784 335
550 168
949 402
849 464
627 388
847 391
943 99
898 851
686 931
975 805
194 240
166 407
4 345
83 638
653 525
138 345
83 409
205 106
864 974
644 705
179 871
427 182
36 297
298 68
196 286
143 423
402 125
825 228
558 638
926 805
40 712
480 984
953 642
566 233
149 884
959 164
210 305
146 815
91 125
922 53
338 756
283 66
68 895
489 400
175 469
989 982
741 880
288 117
890 451
330 528
96 361
457 303
765 190
219 431
654 588
299 131
934 413
655 998
524 249
188 71
303 775
776 995
807 308
628 77
349 662
999 478
663 300
742 593
943 354
43 326
590 724
576 826
767 128
20 608
123 26
54 192
138 829
515 550
885 120
955 593
848 467
173 786
118 850
756 878
383 367
608 714
369 203
453 840
644 142
470 26
542 131
327 206
356 907
337 665
103 498
813 365
973 354
188 542
133 377
348 265
416 665
669 91
402 501
300 719
715 732
556 187
979 253
967 953
134 952
979 24
373 443
409 891
147 396
615 501
152 740
819 8
127 912
545 671
206 976
359 23
686 381
295 496
556 308
234 257
382 155
800 668
115 794
271 553
920 733
505 491
794 365
832 620
632 266
154 907
355 668
498 222
762 497
891 153
357 448
627 80
54 447
687 94
995 210
334 501
17 794
265 630
444 107
140 864
709 792
504 94
220 335
299 628
63 617
467 212
598 695
577 343
482 749
604 446
898 664
91 864
860 143
501 210
551 556
181 528
93 644
578 164
469 931
563 795
145 53
766 629
337 223
103 56
292 746
846 100
97 241
737 867
914 500
699 346
0 574
325 105
404 923
299 641
844 441
407 403
324 405
477 647
184 102
120 117
161 118
223 767
875 693
773 911
111 297
601 161
499 113
807 229
743 739
416 115
247 572
505 867
68 829
558 693
670 934
103 298
202 11
615 180
212 470
873 741
193 191
270 411
872 745
160 539
591 237
388 174
263 408
361 714
906 514
937 581
400 642
147 196
451 873
565 480
859 698
124 478
215 596
691 296
305 526
150 652
81 781
24 247
929 353
700 530
120 480
450 355
1 263
914 984
465 663
755 173
445 950
982 337
180 881
390 196
18 553
730 301
974 890
416 599
815 79
151 853
806 296
732 81
112 602
733 949
714 707
530 886
929 595
965 60
593 417
174 433
694 728
289 908
655 248
507 84
863 951
267 368
520 548
859 14
57 787
227 969
533 487
698 820
846 718
868 477
254 843
701 71
764 127
67 199
60 977
669 267
727 474
262 145
396 374
859 135
198 618
800 723
533 608
161 736
882 267
73 623
417 433
866 30
513 666
196 730
705 607
770 965
272 954
146 91
522 82
720 326
40 567
477 339
893 25
614 610
793 841
589 782
914 313
470 565
231 54
401 731
551 261
76 934
19 400
137 392
756 141
541 216
613 92
964 844
986 603
888 31
36 983
240 224
419 226
503 863
102 519
960 550
0 508
385 349
252 463
141 632
535 788
245 460
601 95
680 388
570 745
575 860
196 46
201 390
987 804
715 345
949 283
541 229
921 450
687 283
585 272
282 234
636 466
763 278
964 268
415 992
468 626
373 995
118 476
756 275
150 694
714 278
855 217
497 280
670 171
152 245
482 120
759 694
107 768
862 112
13 581
271 876
541 700
971 284
916 348
852 858
618 691
664 807
781 160
444 538
774 938
47 838
532 358
616 766
51 728
489 173
433 995
794 220
524 359
436 246
128 130
713 820
513 466
64 374
191 186
528 774
481 662
522 700
388 471
118 610
980 117
998 171
43 207
906 582
274 76
721 536
843 233
31 89
812 654
743 820
433 69
672 122
861 21
508 657
305 823
451 123
590 955
637 249
752 236
100 310
36 554
807 431
755 241
672 472
8 492
911 754
613 831
93 270
115 554
139 911
180 949
684 711
6 796
229 841
96 955
650 80
278 208
653 85
131 683
370 965
868 424
109 372
23 857
885 364
866 85
573 735
688 493
853 789
297 608
923 67
405 370
622 893
809 719
874 848
294 273
103 742
767 493
16 36
764 424
350 555
942 201
823 21
38 734
74 391
286 570
798 193
528 332
421 206
660 488
949 96
68 347
991 736
908 967
669 456
209 966
190 458
946 212
65 463
393 265
441 979
857 628
645 220
989 555
254 335
691 861
133 45
597 674
248 291
946 333
696 158
539 440
169 641
766 631
761 287
45 871
664 620
218 762
545 928
223 877
676 859
416 225
476 276
445 697
66 112
403 700
260 880
277 66
158 640
180 399
906 274
223 998
942 456
928 521
88 810
938 980
518 394
108 230
724 462
8 292
443 220
830 400
646 579
747 631
38 171
673 416
879 521
304 290
593 164
58 823
667 867
208 353
328 418
376 166
422 53
207 128
413 233
974 529
308 705
743 862
46 934
652 515
3 69
384 929
62 649
752 867
903 999
841 121
846 465
885 164
157 657
102 721
826 752
776 931
63 995
211 893
285 842
880 234
25 474
737 414
114 960
406 314
958 827
422 295
23 549
876 465
652 986
972 173
55 730
848 403
853 481
531 467
159 824
393 762
11 431
976 817
869 462
468 118
855 527
313 244
318 359
717 822
593 298
161 604
445 134
307 429
102 963
446 773
757 894
435 843
853 602
961 401
779 424
118 907
498 145
176 131
164 794
574 140
505 306
634 945
849 79
670 602
871 363
688 656
977 530
779 545
168 391
28 88
878 258
919 296
594 499
671 194
280 309
299 322
39 920
185 974
491 263
964 712
909 776
12 265
416 843
605 779
416 614
894 653
677 655
219 972
107 273
762 433
695 443
698 943
373 392
786 561
832 906
954 374
301 489
246 553
972 428
342 32
765 623
763 25
314 687
782 38
565 40
248 333
941 31
566 679
13 207
725 672
40 569
265 687
222 51
922 728
172 230
851 259
512 564
190 513
873 543
584 440
448 808
190 284
644 454
473 572
913 90
379 156
632 336
950 911
554 911
193 703
549 567
857 683
158 682
571 97
888 33
89 582
993 729
243 231
532 105
346 918
740 283
680 269
333 161
25 45
711 750
871 739
359 564
562 398
469 170
586 755
517 921
919 901
69 236
132 292
780 742
398 411
241 693
482 819
958 519
685 855
790 117
55 422
696 455
935 737
356 535
626 167
309 460
730 224
336 822
446 465
688 227
137 878
980 106
751 283
40 945
635 337
167 3
855 340
29 527
43 196
87 239
92 583
842 815
362 178
114 76
102 776
157 712
615 129
848 337
889 109
75 121
443 288
44 542
150 938
668 635
384 876
38 239
286 75
411 484
20 599
727 986
276 296
679 6
204 945
560 994
484 181
324 946
723 463
938 122
428 774
507 838
592 653
191 309
810 58
765 544
584 240
162 251
319 494
649 369
423 551
10 153
115 435
557 551
636 844
794 235
422 592
618 238
284 887
144 89
302 675
815 28
364 92
792 539
919 122
368 248
48 795
860 710
803 139
579 431
398 90
620 957
931 590
532 844
898 413
199 146
567 313
825 608
405 22
9 22
52 392
599 790
198 446
836 437
82 271
519 272
637 264
172 393
867 955
581 598
824 90
829 434
99 854
737 845
503 678
281 336
5 401
13 33
601 957
637 614
441 739
871 552
525 144
582 449
17 677
270 857
58 678
717 85
405 493
787 329
919 714
863 553
808 617
6 932
902 252
18 757
353 976
346 34
697 557
549 393
535 495
3 863
880 907
245 396
938 619
643 671
891 507
8 160
970 800
505 966
458 625
174 866
370 283
991 859
77 704
121 976
465 520
465 291
726 332
509 563
10 879
373 702
82 755
574 463
725 861
412 401
604 571
771 748
843 853
115 114
483 281
181 882
377 528
616 810
682 346
723 384
520 55
683 985
855 45
452 823
218 656
559 168
266 818
729 579
149 4
627 797
412 643
16 643
30 541
241 761
965 38
695 177
915 217
213 699
142 230
937 464
515 475
565 821
850 990
880 115
701 638
145 649
277 539
425 474
965 159
323 426
445 123
152 544
105 469
726 816
377 662
163 410
540 131
853 362
438 120
198 367
346 302
179 125
984 293
153 890
464 523
428 829
925 881
469 601
156 141
510 410
885 287
702 351
798 813
979 70
179 17
478 542
361 960
290 491
178 21
391 839
826 996
936 639
862 424
922 475
815 83
176 362
80 388
754 73
319 670
33 313
728 838
542 190
736 958
587 606
912 137
535 187
149 380
223 329
746 370
453 791
234 195
965 414
304 668
918 827
799 610
42 375
66 732
14 47
566 789
